[logo.jpg]
moddate=2c69a2090257d301
width=143
height=40
text=2;128;4;SEVA;Agency FB;0.660440,0.221429,0.668164,6.283185;v1,4278190080,4278190080,128.000000,1.000000,0.000000,1.000000,700,0,49152;;129;5;blood;Agency FB;0.282951,0.158920,0.742232,6.283185;v1,4292433484,4278190080,128.000000,1.000000,0.000000,1.000000,700,0,49152;;
textactive=1
